036
013
198
121
061
005
064
030
052
128
060
080
089
191
037
174
109
044
015
197
002
133
160
042
120
178
177
204
127
165
003
079
132
073
102
157
078
175
162
009
012
038
047
045
084
100
076
190
077
069
066
016
131
095
000
111
010
113
135
112
021
136
200
110
148
171
032
156
125
124
146
104
085
126
019
014
181
144
138
065
101
122
046
106
164
054
142
147
130
119
152
145
033
183
180
082
179
063
083
169
115
159
072
027
196
123
051
170
103
004
105
029
187
099
098
176
134
168
203
153
158
081
118
034
048
140
149
199
043
018
068
053
090
094
041
093
116
167
161
025
184
194
074
058
155
017
049
092
075
141
020
096
031
137
117
011
067
182
088
091
024
097
186
195
